    7
    0
    1
    6
    5
    9
    3
    5
    7
    4
    2
    4
    5
    8
    7
    0
    5
    7
    2
    9
    5
    8
    1
    0
    7
    1
    1
    0
    7
    8
    3
    7
    7
    1
    9
    6
    1
    5
    6
    2
    0
    8
    8
    2
    9
    7
    4
    1
    1
    5
    2
    7
    8
    5
    5
    8
    9
    9
    2
    8
    2
    8
    1
    6
    5
    0
    8
    8
    1
    2
    2
    9
    4
    9
    6
    1
    7
    3
    9
    2
    6
    8
    9
    1
    8
    1
    5
    2
    7
    9
    1
    9
    5
    2
    8
    0
    2
    2
    7
    9
    6
    9
    8
    8
    8
    2
    3
    2
    5
    0
    8
    8
    9
    0
    5
    9
    9
    2
    5
    1
    8
    1
    2
    8
    8
    0
    8
    6
    9
    9
    5
    3
    4
    1
    8
    6
    6
    2
    8
    9
    2
    0
    3
    1
    5
    8
    9
    2
    7
    9
    7
    2
    7
    0
    2
    2
    7
    8
    9
    8
    9
    2
    7
    7
    5
    8
    5
    0
    1
    0
    2
    5
    8
    2
    2
    6
    8
    6
    4
    2
    8
    0
    6
    6
    2
    2
    4
    2
    4
    0
    3
    5
    2
    2
    1
    8
    6
    0
    5
    3
    3
    2
    7
    9
    5
    4
    7
    1
    8
    3
    3
    7
    0
    2
    0
    3
    4
    6
    9
    9
    6
    6
    4
    7
    5
    8
    9
    3
    6
    9
    5
    5
    2
    2
    8
    2
    2
    2
    7
    8
    3
    2
    2
    1
    6
    1
    5
    1
    0
    1
    0
    1
    4
    2
    9
    5
    0
    8
    6
    1
    0
    7
    1
    3
    2
    2
    8
    5
    0
    7
    7
    6
    3
    3
    6
    8
    4
    7
    6
    0
    2
    1
    6
    6
    7
    6
    5
    5
    2
    4
    3
    3
    5
    7
    0
    2
    5
    4
    5
    4
    0
    5
    9
    7
    6
    9
    6
    2
    4
    0
    8
    4
    0
    4
    4
    8
    1
    6
    6
    0
    5
    7
    7
    3
    0
    0
    0
    0
    0
    0
    0
    0
    3
    9
    1
    8
    9
    7
    1
    5
    8
    7
    3
    9
    4
    4
    0
    2
    8
    7
    4
    0
    4
    8
    9
    5
    6
    6
    3
    9
    1
    8
    4
    2
    7
    5
    6
    8
    6
    3
    6
    4
    9
    1
    0
    5
    6
    6
    3
    8
    4
    3
    6
    8
    6
    2
    6
    2
    0
    3
    6
    1
    9
    3
    5
    2
    3
    6
    5
    0
    0
    7
    9
    8
    8
    5
    5
    6
    7
    7
    3
    9
    9
    8
    5
    9
    4
    4
    6
    6
    0
    9
    3
    2
    6
    3
    4
    2
    1
    5
    6
    1
    4
    0
    8
    5
    2
    4
    8
    2
    4
    0
    2
    8
    0
    2
    1
    1
    3
    3
    9
    4
    3
    6
    3
    9
    5
    3
    6
    9
    7
    7
    3
    2
    6
    8
    5
    6
    1
    3
    2
    6
    7
    9
    8
    9
    2
    3
    6
    6
    2
    6
    6
    3
    4
    7
    5
    5
    6
    6
    8
    4
    0
    1
    8
    8
    9
    3
    8
    4
    3
    4
    7
    4
    5
    5
    0
    9
    0
    2
    7
    2
    8
    5
    9
    2
    5
    0
    8
    6
    0
    3
    8
    4
    0
    6
    1
    0
    9
    7
    7
    7
    7
    3
    0
    1
    0
    3
    0
    2
    2
    4
    7
    4
    2
    5
    4
    1
    4
    5
    6
    1
    5
    3
    0
    8
    1
    0
    5
    0
    4
    4
    2
    2
    8
    2
    1
    9
    3
    0
    5
    8
    5
    6
    4
    8
    2
    4
    3
    0
    4
    1
    1
    0
    8
    5
    8
    3
    2
    6
    6
    2
    6
    5
    6
    1
    4
    1
    6
    7
    8
    4
    0
    7
    7
    4
    4
    4
    4
    4
    6
    9
    9
    0
    9
    0
    2
    0
    6
    3
    5
    7
    5
    1
    6
    0
    6
    3
    7
    8
    1
    1
    6
    9
    9
    9
    8
    3
    7
    0
    8
    0
    1
    2
    6
    1
    5
    9
    1
    4
    4
    2
    4
    4
    1
    0
    0
    0
    0
    0
    0
    0
    0
    0
  473
  480
  385
  340
  547
  313
  301
  465
  380
  404
  349
  234
  269
  280
  390
  325
  422
  261
  434
  405
  355
  351
  429
  289
  332
  505
  361
  412
  449
  295
  280
  241
  391
  348
  422
  209
  423
  397
  344
  351
  462
  305
  303
  499
  362
  413
  363
  233
  252
  310
  455
  386
  461
  295
  496
  457
  375
  311
  572
  358
  332
  558
  422
  462
  441
  352
  351
  330
  437
  453
  433
  271
  509
  492
  427
  445
  559
  363
  305
  553
  410
  468
  489
  300
  333
  382
  518
  533
  535
  329
  513
  464
  481
  324
  558
  332
  307
  490
  441
  470
  378
  311
  286
  368
  397
  443
  537
  318
  444
  475
  484
  418
  514
  418
  344
  508
  363
  441
  397
  296
  347
  267
  454
  421
  480
  301
  475
  420
  418
  316
  527
  369
  339
  486
  430
  512
  420
  335
  303
  299
  444
  446
  479
  333
  497
  490
  490
  413
  559
  426
  347
  606
  460
  536
  444
  364
  381
  372
  554
  428
  616
  342
  382
  384
  402
  279
  452
  281
  350
  471
  360
  406
  366
  293
  264
  235
  402
  333
  447
  251
  290
  318
  331
  301
  354
  248
  284
  363
  254
  324
  295
  238
  207
  150
  341
  213
  313
  233
  391
  332
  308
  282
  462
  264
  255
  344
  320
  401
  327
  196
  246
  272
  334
  309
  323
  216
  532
  524
  493
  347
  639
  397
  409
  585
  515
  536
  464
  356
  363
  384
  496
  498
  537
  351
  275
  253
  232
  217
  332
  191
  173
  224
  223
  275
  235
  167
  191
  206
  266
  239
  212
  170
  300
  411
  302
  244
  445
  199
  247
  432
  369
  288
  297
  229
  178
  262
  380
  284
  351
  293
  449
  437
  409
  363
  536
  349
  294
  523
  369
  428
  366
  293
  329
  315
  440
  342
  483
  255
  437
  440
  396
  319
  506
  276
  319
  486
  342
  375
  330
  225
  259
  267
  401
  309
  432
  221
  420
  449
  443
  345
  480
  290
  253
  426
  308
  360
  303
  260
  261
  290
  385
  326
  432
  290
    0
    0
    0
    0
    0
    0
    0
    0
    0
    0
